00000001
00000000
00010000
01300000
0130ffff
ffffffff
ffffffff
5443436f
72654c69
73740000
00000000
00000000
00000000
00000000
00000000
00000000
00000002
00000000
00010000
01000000
0100ffff
ffffffff
ffffffff
54434164
6a436c6f
636b0000
00000000
00000000
00000000
00000000
00000000
00000000
00000003
00000000
00010000
010d0000
010dffff
0000000b
00000002
54435369
6747656e
65726174
6f723100
00000000
00000000
00000000
00000000
00000000
00000003
00000001
00010000
010e0000
010effff
0000000c
00000002
54435369
6747656e
65726174
6f723200
00000000
00000000
00000000
00000000
00000000
00000003
00000002
00010000
010f0000
010fffff
0000000d
00000002
54435369
6747656e
65726174
6f723300
00000000
00000000
00000000
00000000
00000000
00000003
00000003
00010000
01100000
0110ffff
0000000e
00000002
54435369
6747656e
65726174
6f723400
00000000
00000000
00000000
00000000
00000000
00000004
00000000
00010000
01010000
0101ffff
00000001
00000002
54435369
6754696d
65737461
6d706572
474e5353
50505300
00000000
00000000
00000000
00000004
00000001
00010000
01020000
0102ffff
00000002
00000002
54435369
6754696d
65737461
6d706572
31000000
00000000
00000000
00000000
00000000
00000004
00000002
00010000
01060000
0106ffff
00000006
00000002
54435369
6754696d
65737461
6d706572
32000000
00000000
00000000
00000000
00000000
00000004
00000003
00010000
010c0000
010cffff
00000000
00000002
54435369
6754696d
65737461
6d706572
46504741
50505300
00000000
00000000
00000000
00000004
00000004
00010000
01110000
0111ffff
0000000f
00000002
54435369
6754696d
65737461
6d706572
33000000
00000000
00000000
00000000
00000000
00000004
00000005
00010000
01120000
0112ffff
00000010
00000002
54435369
6754696d
65737461
6d706572
34000000
00000000
00000000
00000000
00000000
00000005
00000000
00010000
01030000
0103ffff
ffffffff
ffffffff
54435050
5347656e
65726174
6f720000
00000000
00000000
00000000
00000000
00000000
00000006
00000000
00010000
01200000
0120ffff
ffffffff
ffffffff
54434672
6571436f
756e7465
72310000
00000000
00000000
00000000
00000000
00000000
00000006
00000001
00010000
01210000
0121ffff
ffffffff
ffffffff
54434672
6571436f
756e7465
72320000
00000000
00000000
00000000
00000000
00000000
00000006
00000002
00010000
01220000
0122ffff
ffffffff
ffffffff
54434672
6571436f
756e7465
72330000
00000000
00000000
00000000
00000000
00000000
00000006
00000003
00010000
01230000
0123ffff
ffffffff
ffffffff
54434672
6571436f
756e7465
72340000
00000000
00000000
00000000
00000000
00000000
00000007
00000000
00010000
00130000
00130fff
ffffffff
ffffffff
5443436c
6f636b44
65746563
746f7200
00000000
00000000
00000000
00000000
00000000
00000008
00000000
00010000
00140000
00143fff
ffffffff
ffffffff
5443534d
4153656c
6563746f
72496e73
7430536c
61766531
00000000
00000000
00000000
00000008
00000000
00010000
00220000
00223fff
ffffffff
ffffffff
5443534d
4153656c
6563746f
72496e73
7430536c
61766532
00000000
00000000
00000000
00000009
00000000
00010000
ffffffff
ffffffff
ffffffff
ffffffff
54435050
53536f75
72636553
656c6563
746f7230
00000000
00000000
00000000
00000000
00000009
00000001
00010000
ffffffff
ffffffff
ffffffff
ffffffff
54435050
53536f75
72636553
656c6563
746f7231
00000000
00000000
00000000
00000000
0000000a
00000000
00010000
00020000
00020fff
ffffffff
ffffffff
54434650
47415665
7273696f
6e000000
00000000
00000000
00000000
00000000
00000000
0000000b
00000000
00010000
01040000
0104ffff
ffffffff
ffffffff
54435050
53536c61
76650000
00000000
00000000
00000000
00000000
00000000
00000000
0000000c
00000000
00020003
01050000
0105ffff
ffffffff
ffffffff
5443546f
44536c61
76650000
00000000
00000000
00000000
00000000
00000000
00000000
0000000d
00000000
00010000
01070000
0107ffff
ffffffff
ffffffff
54434475
6d6d7941
7869536c
61766530
28706c61
6365686f
6c646572
29000000
00000000
0000000d
00000001
00010000
01080000
0108ffff
ffffffff
ffffffff
54434475
6d6d7941
7869536c
61766531
28706c61
6365686f
6c646572
29000000
00000000
0000000d
00000002
00010000
01090000
0109ffff
ffffffff
ffffffff
54434475
6d6d7941
7869536c
61766532
28706c61
6365686f
6c646572
29000000
00000000
0000000d
00000003
00010000
010a0000
010affff
ffffffff
ffffffff
54434475
6d6d7941
7869536c
61766533
28706c61
6365686f
6c646572
29000000
00000000
0000000d
00000004
00010000
010b0000
010bffff
ffffffff
ffffffff
54434475
6d6d7941
7869536c
61766534
28706c61
6365686f
6c646572
29000000
00000000
00010000
00000000
02090000
00010000
00010fff
ffffffff
ffffffff
58696c69
6e784158
49504349
65000000
00000000
00000000
00000000
00000000
00000000
00010001
00000000
02000000
00100000
00100fff
ffffffff
ffffffff
58696c69
6e784158
49475049
4f657874
00000000
00000000
00000000
00000000
00000000
00010001
00000001
02000000
00110000
00110fff
ffffffff
ffffffff
58696c69
6e784158
49475049
4f474e53
534d4143
00000000
00000000
00000000
00000000
00010002
00000000
02000000
00150000
0015ffff
00000007
00000003
58696c69
6e784158
49494943
00000000
00000000
00000000
00000000
00000000
00000000
00010002
00000001
02000000
00200000
00200fff
00000005
00000003
58696c69
6e784158
49494943
434c4f43
4b000000
00000000
00000000
00000000
00000000
00010003
00000000
02000000
00160000
0016ffff
00000003
00000003
58696c69
6e784158
49554152
54474e53
53310000
00000000
00000000
00000000
00000000
00010003
00000001
02000000
00170000
0017ffff
00000004
00000003
58696c69
6e784158
49554152
54474e53
53320000
00000000
00000000
00000000
00000000
00010003
00000002
02000000
00180000
0018ffff
00000005
00000003
58696c69
6e784158
49554152
544d4143
00000000
00000000
00000000
00000000
00000000
00010003
00000003
02000000
00190000
0019ffff
0000000a
00000003
58696c69
6e784158
49554152
54726573
65727665
64000000
00000000
00000000
00000000
00010003
00000004
02000000
001a0000
001affff
00000013
00000003
58696c69
6e784158
49554152
54657874
00000000
00000000
00000000
00000000
00000000
00010004
00000000
03000000
00300000
0030ffff
00000008
00000003
58696c69
6e784158
49485749
43415000
00000000
00000000
00000000
00000000
00000000
00010005
00000000
03020000
00310000
0031ffff
00000009
00000002
58696c69
6e784158
49517561
64535049
666c6173
68000000
00000000
00000000
00000000
